45.71552734	102.925	184.0245117	421.1117188	951.4135644
49.26310199	111.1570886	199.2048678	434.4742047	962.5174569
46.35908203	103.9955078	182.5292969	412.5495117	932.6866058
48.85748594	110.2693519	199.4945648	444.6676271	992.8149873
46.38691406	104.1412109	182.6826172	411.2875		926.580639
48.66011425	109.864972	199.2956363	446.4709555	1000.189234
46.41298828	104.1025391	182.8098633	410.5147461	924.054813
48.62953831	109.815592	199.0043262	447.4677706	1003.65098
46.40107422	104.1734375	182.9024414	410.2499023	922.8875463
48.54501441	109.6401381	199.0224766	447.6302344	1004.941993
46.41806641	104.1307617	182.8185547	410.1382813	922.3213165
51.1011156	115.1863745	210.3991492	485.9151549	1126.454671